Position_x Position_y Speed_x Speed_y check
-4.9338339e-01   2.8046504e+00   2.2785276e-01   5.2906904e-02  True
-2.9866860e-01   3.1905166e+00   1.0482847e-01  -7.5205054e-02  True
-2.2961118e-01   3.0751332e+00   2.5111120e-01  -1.5216852e-01  True
-6.5497955e-01   3.0730417e+00   2.0374931e-01   1.8488388e-01  True
-2.1638081e-01   3.0177478e+00  -7.7434501e-01   6.5263965e-01  True
 1.3628243e-01   3.0845463e+00  -7.0651621e-05   5.6260039e-01  True
-2.1638081e-01   3.0177478e+00   2.0571163e-01  -2.8647816e-01  True
-5.7375884e-01   2.9674384e+00   1.9538914e-01  -2.6887107e-01  True
 1.8862063e-01   2.9591618e+00  -1.5254283e-02  -2.0558438e-01  True
 1.8862063e-01   2.9591618e+00  -2.5633954e-01   1.6676660e-01  True
-1.4952979e-01   2.8996018e+00  -8.3894710e-02   1.5356843e-01  True
 1.3628243e-01   3.0845463e+00  -5.1632898e-01   6.1201627e-01  True
 1.3907305e+00   2.1890609e+00   3.7013322e-02   5.9305817e-02  True
-4.1774352e-01   3.0730268e+00  -2.4334736e-01  -3.7663905e-01  True
-3.4568988e-01   2.9571140e+00  -4.7143524e-03  -4.7370248e-01  True
-2.7027745e-01   2.7843742e+00   3.6911835e-01  -4.2146740e-01  True
-6.0365603e-01   2.6761686e+00  -1.7651935e-01   1.8080236e-01  True
-2.2961119e-01   3.0751332e+00  -4.2447010e-01   8.7671378e-02  True
-2.9866861e-01   3.1905166e+00   2.0069915e-02   2.2558468e-01  True
-2.9866859e-01   3.1905166e+00   2.1165833e-01   9.8250483e-02  True
-2.9866859e-01   3.1905166e+00   5.2212618e-02  -2.6379311e-01  True
 5.8426174e-02   2.8574834e+00   8.5354828e-01  -7.6901049e-01  True
 5.8426173e-02   2.8574834e+00   4.6124942e-01  -2.9905897e-01  True
 5.8426181e-02   2.8574834e+00  -1.1958365e-01   1.6847081e-01  True
-7.6361906e-01   3.0036597e+00   2.5714310e-01   3.7577632e-01  True
-2.9866860e-01   3.1905166e+00  -7.5020842e-01   5.0169095e-01  True
 2.8036587e-03   2.9838210e+00   1.6760966e-01   2.6803195e-01  True
 2.8036586e-03   2.9838210e+00   2.0375286e-01  -3.3576963e-01  True
-3.4568988e-01   2.9571140e+00  -1.8400708e-01  -3.6778278e-01  True
 4.0065762e-01   2.8620192e+00   9.1879990e-01  -5.7768399e-01  True
 5.9073732e-01   2.7871333e+00   2.3599628e-01  -2.2065204e-01  True
-1.4952979e-01   2.8996018e+00  -1.8023316e-01   1.6108365e-01  True
-6.7728848e-01   2.8372065e+00   1.4281375e-01   6.0634836e-01  True
-4.1774352e-01   3.0730268e+00   1.2040703e-01   3.6617080e-01  True
-1.2400763e+00   3.2117547e+00   1.3680087e-01   1.8952479e-02  True
-4.1774352e-01   3.0730268e+00   3.0784014e-02  -3.6620914e-01  True
 5.8426178e-02   2.8574834e+00   8.5354828e-01  -7.6901050e-01  True
-1.4952979e-01   2.8996018e+00  -2.1377889e-01  -2.7787890e-01  True
 5.8426174e-02   2.8574834e+00  -1.9384618e-01   2.2395389e-01  True
-3.4568988e-01   2.9571140e+00   5.3513394e-04   3.1280353e-01  True
-6.5497955e-01   3.0730417e+00  -1.5788674e-02   1.6357263e-01  True
 1.3628243e-01   3.0845463e+00   0.0000000e+00   0.0000000e+00  True
-4.1774353e-01   3.0730268e+00   2.7944470e-02  -3.5011296e-01  True
-3.4568987e-01   2.9571140e+00  -9.4461554e-02  -5.1625924e-01  True
 5.8426172e-02   2.8574834e+00   1.8914582e-01  -2.1700781e-01  True
 3.8411589e-01   2.8990148e+00  -6.7529204e-02   2.0314111e-01  True
-3.4568988e-01   2.9571140e+00   1.5276321e-01   3.3508451e-01  True
-2.2961119e-01   3.0751332e+00  -1.1730521e-01   3.6030110e-01  True
 1.3628244e-01   3.0845463e+00  -5.7335571e-02   1.3533638e-01  True
-2.2961119e-01   3.0751332e+00   7.3079642e-02  -1.2766759e-01  True
 1.8862063e-01   2.9591618e+00   6.8538028e-01  -4.1281778e-01  True
 1.8862063e-01   2.9591618e+00   3.9436476e-01  -2.7562272e-01  True
-2.9866863e-01   3.1905166e+00   5.7090496e-02  -9.2372886e-02  True
 1.8862063e-01   2.9591618e+00  -4.9753604e-01   2.9567312e-01  True
 1.8862062e-01   2.9591618e+00  -8.2844056e-01   5.2806946e-01  True
-2.9866860e-01   3.1905166e+00   3.8404767e-01   3.4159815e-01  True
-2.9866860e-01   3.1905166e+00  -1.2489838e-01  -1.5037962e-01  True
-3.3975172e-01   2.9028556e+00  -4.2376429e-01  -6.1180956e-01  True
 5.8426177e-02   2.8574834e+00   5.1681826e-01  -7.6640643e-01  True
-3.4568987e-01   2.9571140e+00  -1.0553244e-01  -7.6954891e-02  True
-3.4568988e-01   2.9571140e+00  -1.0699292e-01   1.6524347e-01  True
 5.8426176e-02   2.8574834e+00  -8.1832022e-01   5.7828263e-01  True
-2.1638082e-01   3.0177478e+00  -5.9932837e-01   4.4046604e-01  True
-2.9866859e-01   3.1905166e+00  -1.0579011e-01   8.2920102e-02  True
-7.6114086e-01   2.9430151e+00   3.7810133e-01  -4.2278088e-01  True
-2.7027744e-01   2.7843742e+00   8.6640942e-02  -7.5544384e-01  True
-2.2961118e-01   3.0751332e+00   2.0007831e-01  -7.2447308e-02  True
-5.7375885e-01   2.9674384e+00  -3.6256422e-02   1.2435184e-01  True
-2.2961118e-01   3.0751332e+00   6.3532730e-03   1.6785987e-01  True
 1.3628243e-01   3.0845463e+00  -5.1029288e-01   5.9515757e-01  True
 1.3628244e-01   3.0845463e+00  -6.6471697e-02   3.8076282e-01  True
 1.3628244e-01   3.0845463e+00  -6.0364947e-02  -1.9869628e-01  True
-1.4952978e-01   2.8996018e+00   3.1007195e-01  -4.6202117e-01  True
 5.9073732e-01   2.7871333e+00   8.0411504e-01  -6.7877014e-01  True
 1.8862063e-01   2.9591618e+00   0.0000000e+00   0.0000000e+00  True
 1.8862063e-01   2.9591618e+00  -4.9753604e-01   2.9567312e-01  True
 1.3628245e-01   3.0845463e+00  -5.4852414e-01   4.5707381e-01  True
 1.3628244e-01   3.0845463e+00  -2.5250091e-01   4.6453677e-01  True
-1.7097276e-01   3.3009301e+00   7.6911028e-02  -5.0375823e-02  True
-1.4952979e-01   2.8996018e+00   4.5377107e-01  -3.1519247e-01  True
 5.8426175e-02   2.8574834e+00   5.8581577e-01  -5.8796505e-01  True
-6.0365603e-01   2.6761686e+00   5.3891119e-02  -1.8944417e-01  True
-2.7027744e-01   2.7843742e+00  -2.8640299e-01   2.6617631e-01  True
-1.4952979e-01   2.8996018e+00  -6.1632565e-01   4.3713215e-01  True
-2.1638081e-01   3.0177478e+00   1.1977980e-01   1.4588711e-01  True
-6.5497954e-01   3.0730417e+00  -2.2492856e-02   2.8553900e-02  True
-6.5497956e-01   3.0730417e+00  -3.0042492e-01  -2.0568701e-01  True
-1.4952979e-01   2.8996018e+00  -3.0975703e-01  -4.4665941e-01  True
-5.3206289e-01   2.5239694e+00   2.6892217e-01  -3.9270118e-01  True
-3.1717082e-01   3.2540300e+00  -1.2015325e-01  -6.2683286e-02  True
 2.6344156e-01   2.7737286e+00  -2.2770766e-01   2.5783968e-01  True
-1.4952978e-01   2.8996018e+00  -1.2169979e-01   2.3528189e-01  True
-6.5497955e-01   3.0730417e+00   1.2992798e-01   2.0718958e-01  True
-1.4942948e+00   3.1315233e+00   5.5262586e-02   2.2581200e-02  True
-1.4952978e-01   2.8996018e+00   2.2751305e-01  -1.4926965e-01  True
-2.7027744e-01   2.7843742e+00  -5.3126784e-01  -5.8954138e-01  True
 1.1873646e+00   2.2267588e+00  -9.1078478e-02  -1.0943685e-01  True
 1.5312393e+00   1.7288963e+00   2.8521253e-01   1.3760297e-01  True
-1.4952979e-01   2.8996018e+00   5.1168062e-01   4.6367289e-01  True
-2.1638081e-01   3.0177478e+00  -1.5937127e-02   2.1795518e-01  True
