Position_x Position_y Speed_x Speed_y check
-1.0737851e+00   4.9400676e+00   5.8392790e-01   1.8719216e-01  True
-2.2427598e-01   5.1161847e+00   1.7415015e-01  -1.0397518e-01  True
-3.0968330e-01   5.2115276e+00  -2.0034760e-01   1.2611623e-01  True
-5.3993494e-01   5.1036439e+00   2.2344124e-02   1.8879210e-01  True
-5.4020021e-01   5.1036239e+00   0.0000000e+00   0.0000000e+00  True
-3.0963922e-01   5.2115289e+00  -2.0184917e-02  -1.8671704e-01  True
-3.9206903e-01   5.3050327e+00  -2.3120798e-02   2.5188179e-02  True
-5.4003462e-01   5.1036364e+00  -2.2524390e-02   2.4707762e-02  True
 1.8272667e-01   5.0151696e+00  -1.0778261e+00   4.6425603e-01  True
 1.8322075e-01   5.0151331e+00  -1.1308688e+00   3.3879891e-01  True
-5.4069673e-01   5.1035863e+00  -3.7381523e-01  -2.6749641e-03  True
-5.3983597e-01   5.1036514e+00  -1.3314455e-01  -2.4667074e-01  True
-5.3984639e-01   5.1036506e+00  -2.2342291e-02  -1.8879142e-01  True
-4.5393213e-01   5.0118320e+00   4.4661300e-02  -5.0381398e-02  True
 2.6346525e-01   4.9102333e+00  -4.8765267e-01   3.3280980e-01  True
 4.0614450e-01   5.0903250e+00  -1.4898837e+00   4.3209167e-01  True
-3.5950655e-02   4.9297285e+00   2.3108404e-01   5.0515409e-01  True
-7.6884092e-01   4.9842314e+00   2.0749951e-02  -9.9660693e-02  True
 1.8268838e-01   5.0151725e+00   1.2016617e+00  -5.0268047e-01  True
-5.4022732e-01   5.1036218e+00   3.6785555e-01  -1.0595528e-01  True
-1.3520332e+00   5.0636815e+00   6.6482390e-02   4.3001509e-02  True
-5.3991553e-01   5.1036454e+00  -9.7746529e-02   2.2979347e-02  True
 1.8315559e-01   5.0151379e+00  -9.5736796e-01   5.0800703e-01  True
 1.8300752e-01   5.0151489e+00  -2.2260353e-01   2.7669280e-01  True
 1.8311184e-01   5.0151412e+00   2.2259970e-01  -2.7669785e-01  True
 1.8306898e-01   5.0151443e+00   1.1069038e+00  -5.9629252e-01  True
 2.6322346e-01   4.9102557e+00   8.6203853e-01  -2.3571902e-01  True
 8.4475898e-01   4.8279864e+00  -1.9652782e-01   9.5461183e-02  True
 1.8288876e-01   5.0151577e+00  -8.7790154e-01   3.9974422e-01  True
 1.8292831e-01   5.0151547e+00  -1.4106681e+00   3.8528730e-01  True
 1.8300932e-01   5.0151488e+00  -7.1411074e-01   1.0398116e-01  True
 1.8292457e-01   5.0151550e+00   4.1036331e-01  -3.1494118e-01  True
 1.8280121e-01   5.0151641e+00   1.1989544e+00  -6.0453256e-01  True
 2.6343452e-01   4.9102362e+00   8.6203135e-01  -2.3575806e-01  True
 1.8300565e-01   5.0151490e+00  -3.5926703e-01   1.5477303e-01  True
 1.8317926e-01   5.0151362e+00  -1.0486793e+00   3.3239844e-01  True
 1.8296535e-01   5.0151520e+00  -1.0953624e+00   2.8696092e-01  True
-5.4053975e-01   5.1035982e+00  -2.4759795e-01   5.8258533e-02  True
-3.6026037e-02   4.9297307e+00   3.5195714e-01  -2.1913293e-01  True
 1.8279579e-01   5.0151645e+00   1.0494229e+00  -5.1623686e-01  True
 2.6343285e-01   4.9102363e+00   4.8846866e-01  -3.5407315e-01  True
 6.1298737e-01   4.8585324e+00  -4.3036814e-01   2.0444698e-01  True
 1.8310812e-01   5.0151414e+00  -8.6164165e-01   4.7804651e-01  True
 1.8299041e-01   5.0151502e+00  -9.2827349e-01   3.7601517e-01  True
-5.3993912e-01   5.1036436e+00  -2.2506417e-01   3.3581520e-02  True
 1.8338956e-01   5.0151206e+00   5.6257585e-01  -3.0147180e-01  True
-3.5918091e-02   4.9297275e+00   1.0461224e+00  -4.6895806e-01  True
 4.5941620e-02   4.8280511e+00   4.8755509e-01  -3.1067269e-01  True
 4.5689864e-02   4.8280632e+00  -3.1151893e-01   1.9664892e-01  True
 1.8283736e-01   5.0151615e+00  -5.2167256e-01   4.5327585e-01  True
 1.8283415e-01   5.0151617e+00  -9.6009738e-01   4.0611884e-01  True
-7.6903571e-01   4.9842071e+00  -5.9991917e-02  -3.3824063e-02  True
 1.8369496e-01   5.0150980e+00   1.0202492e+00  -3.8447252e-01  True
 1.8284455e-01   5.0151609e+00   1.4928664e+00  -3.9164747e-01  True
 2.6329207e-01   4.9102494e+00   4.8746876e-01  -1.4787902e-01  True
 2.6370923e-01   4.9102107e+00  -4.9323639e-01   2.5214716e-01  True
 1.8319402e-01   5.0151351e+00  -5.5987558e-01   4.0327158e-01  True
 1.8319695e-01   5.0151349e+00  -1.1095982e+00   4.9449918e-01  True
-5.3943892e-01   5.1036814e+00  -3.3489022e-01   5.2910465e-02  True
 1.8293029e-01   5.0151546e+00   9.2385140e-01  -1.7043813e-01  True
-3.5705488e-02   4.9297212e+00   8.5971550e-01  -4.3929375e-01  True
 2.6339032e-01   4.9102403e+00   9.0053844e-01  -3.9223794e-01  True
 2.6329277e-01   4.9102493e+00  -2.0364488e-01   7.0058018e-02  True
-3.5545103e-02   4.9297164e+00  -5.9931107e-01   3.2633834e-01  True
-3.5652397e-02   4.9297196e+00  -6.9087130e-01   4.3250699e-01  True
 4.0653214e-01   5.0902792e+00  -6.9718046e-01   2.0971225e-01  True
-7.6917046e-01   4.9841903e+00   6.6596851e-02  -1.4796142e-01  True
 1.8276103e-01   5.0151671e+00   7.1213434e-01  -3.8968988e-01  True
 4.5969934e-02   4.8280497e+00   8.7107477e-01  -5.0663498e-01  True
 9.2064568e-01   4.7100123e+00   3.0118701e-01  -1.7784642e-01  True
 2.6340162e-01   4.9102392e+00  -4.9325092e-01   2.5211463e-01  True
 1.8258148e-01   5.0151804e+00  -9.1919563e-01   5.5793988e-01  True
 1.8300191e-01   5.0151493e+00  -1.1478416e+00   4.4440816e-01  True
-5.4041504e-01   5.1036076e+00   0.0000000e+00   0.0000000e+00  True
 1.8315710e-01   5.0151378e+00   6.2008785e-01  -3.8144019e-01  True
-5.4000375e-01   5.1036387e+00  -3.7223416e-02  -8.8230870e-02  True
-5.3998552e-01   5.1036401e+00  -1.8001608e-01  -1.5836641e-02  True
-5.3915879e-01   5.1037025e+00   1.7233449e-01  -6.0048582e-02  True
 4.5638750e-02   4.8280657e+00  -8.7043999e-01   4.0425507e-01  True
 1.8286460e-01   5.0151595e+00  -7.0942824e-01   4.9152894e-01  True
 1.8262420e-01   5.0151772e+00  -6.1568220e-01   1.7580535e-01  True
-5.3926480e-01   5.1036945e+00   1.6361226e-01  -6.4387965e-02  True
-5.4026015e-01   5.1036194e+00  -5.9571447e-03  -1.0859366e-01  True
-4.5387496e-01   5.0118353e+00  -4.0343799e-02  -1.6368031e-01  True
-5.3991496e-01   5.1036454e+00  -3.6002975e-01  -3.1667829e-02  True
-5.4006398e-01   5.1036342e+00   1.9641070e-01   9.6039796e-02  True
-5.4012981e-01   5.1036292e+00  -1.5767039e-01   1.7295139e-01  True
 4.0667576e-01   5.0902622e+00  -1.2700776e+00   4.5733588e-01  True
 1.8296649e-01   5.0151519e+00   0.0000000e+00   0.0000000e+00  True
-3.0924890e-01   5.2115400e+00  -8.8841371e-02  -1.0975486e-01  True
-4.5421693e-01   5.0118154e+00  -4.0348862e-02  -1.6368378e-01  True
 2.6360128e-01   4.9102207e+00   4.9742333e-01  -1.5310431e-01  True
 8.4461502e-01   4.8280181e+00  -1.7552958e-01   6.3634770e-02  True
 4.5809271e-02   4.8280575e+00  -6.8956941e-01   3.7136740e-01  True
 4.0696961e-01   5.0902274e+00  -1.3321921e+00   4.3848208e-01  True
 1.8291435e-01   5.0151558e+00  -8.9916775e-01   2.4404233e-01  True
-5.4076858e-01   5.1035809e+00   0.0000000e+00   0.0000000e+00  True
 1.8300577e-01   5.0151490e+00   5.3790533e-01  -3.7503267e-01  True
-3.5845468e-02   4.9297254e+00   1.1959485e+00  -5.5054927e-01  True
-5.4049998e-01   5.1036012e+00  -1.1858233e-01   1.4934027e-02  True
