Position_x Position_y Speed_x Speed_y check
 5.8509186e-01   3.9028387e+00  -3.5186081e-01   5.1363064e-01  True
-3.7945620e-01   3.9747598e+00  -1.5647407e-01   5.4838958e-01  True
 1.5379496e-01   3.8743876e+00  -1.9029782e-01   5.5439436e-01  True
 5.5734140e-02   4.0626460e+00  -1.3833640e-01   1.1685582e-01  True
 5.5735977e-02   4.0626459e+00   5.5667971e-01  -3.5772289e-01  True
 1.5379537e-01   3.8743876e+00  -4.5007136e-02  -7.9433250e-01  True
-1.6326725e+00   3.8910783e+00  -8.3119271e-01  -8.8873913e-01  True
 5.8509454e-01   3.9028382e+00   0.0000000e+00   0.0000000e+00  True
 1.5379379e-01   3.8743878e+00   7.6510555e-02   2.8986102e-01  True
 5.5735307e-02   4.0626459e+00   7.4638930e-02   3.6137627e-01  True
 5.5737809e-02   4.0626458e+00  -6.9530687e-01   5.7944587e-01  True
 5.5734855e-02   4.0626460e+00  -2.4104873e-01   1.7511583e-01  True
 5.5731866e-02   4.0626462e+00   4.0722418e-01  -2.3787349e-01  True
 5.8509320e-01   3.9028385e+00   5.6164004e-01  -7.2005928e-01  True
-3.7945853e-01   3.9747597e+00  -9.9760390e-01  -5.6371349e-01  True
 1.5379277e-01   3.8743878e+00   0.0000000e+00   0.0000000e+00  True
-3.7945766e-01   3.9747597e+00   4.2215695e-01   4.2321496e-01  True
-3.7945775e-01   3.9747597e+00   9.9760397e-01   5.6371329e-01  True
 5.5739979e-02   4.0626456e+00  -6.9421404e-01   4.9305735e-01  True
 5.5750895e-02   4.0626450e+00  -2.8669895e-01   1.5031704e-01  True
 5.5730149e-02   4.0626463e+00   5.5668027e-01  -3.5772207e-01  True
 5.8509980e-01   3.9028371e+00   7.3422678e-01  -7.2250109e-01  True
 1.5379954e-01   3.8743872e+00   7.2644565e-02  -6.7436353e-01  True
 2.0420422e+00   2.0095726e+00   6.9409890e-02  -1.3647422e-01  True
-3.7945625e-01   3.9747598e+00   1.3443355e-01   3.5296577e-01  True
-2.2017787e-01   4.0805815e+00   4.7965529e-01   2.9554584e-01  True
 2.2850384e-01   4.1502649e+00   1.2329435e-01   1.2861110e-01  True
 5.8509692e-01   3.9028377e+00  -2.7127270e-01   2.1948623e-01  True
 5.8509424e-01   3.9028382e+00   9.0220501e-02  -2.0739135e-01  True
 5.5732184e-02   4.0626461e+00   8.6148304e-01  -6.4220274e-01  True
-2.2018119e-01   4.0805815e+00  -8.3152407e-01  -3.7951987e-01  True
 3.1942403e-01   3.9586280e+00   3.3922390e-01  -2.0001406e-01  True
 5.5738371e-02   4.0626458e+00  -5.1022708e-01   4.0100100e-01  True
-2.2017994e-01   4.0805815e+00   4.6808965e-01   2.1902250e-01  True
 2.2850342e-01   4.1502650e+00  -1.0271393e+00   3.4343667e-01  True
 2.2850340e-01   4.1502650e+00  -4.9374670e-01   1.8689964e-01  True
 5.5740296e-02   4.0626456e+00   3.0451137e-01  -1.7961424e-01  True
 5.8509473e-01   3.9028381e+00   8.6760869e-01  -7.5325951e-01  True
 1.5379640e-01   3.8743875e+00  -4.2513726e-02  -6.8862020e-01  True
 5.8237011e-02   3.6706580e+00  -2.4347157e-02  -1.6313149e-01  True
-3.7945905e-01   3.9747597e+00   1.4692160e-01   2.4862909e-01  True
 1.5379648e-01   3.8743875e+00   4.0020111e-02   5.8290792e-01  True
 5.5748252e-02   4.0626451e+00  -7.2314429e-01   5.2534993e-01  True
 5.5744530e-02   4.0626454e+00  -4.2503530e-01   2.6717277e-01  True
 5.5735864e-02   4.0626459e+00   1.3833635e-01  -1.1685588e-01  True
 5.8509530e-01   3.9028380e+00   5.2360123e-01  -6.5197081e-01  True
-3.7738118e-03   3.7821571e+00   1.2507043e-01  -7.2472500e-01  True
-3.7945938e-01   3.9747596e+00  -4.5643734e-01  -3.7587770e-01  True
 5.8509465e-01   3.9028382e+00  -3.8152020e-01   3.4476842e-01  True
-3.7945824e-01   3.9747597e+00   8.8031620e-01   4.4911813e-01  True
-2.2017326e-01   4.0805816e+00   6.3184841e-01   2.7246361e-01  True
 5.5733262e-02   4.0626461e+00  -2.7805664e-01   4.2496725e-01  True
 5.5729348e-02   4.0626463e+00  -1.8103331e-02   1.3416468e-01  True
 5.5736392e-02   4.0626459e+00   2.5915175e-01  -3.0928063e-01  True
-3.7947639e-01   3.9747589e+00  -9.7727229e-01  -5.9102022e-01  True
 2.9056207e-01   4.0389876e+00   9.8720364e-01  -4.6501577e-01  True
 7.6475597e-01   3.9668420e+00   4.3527117e-01  -2.1079948e-01  True
 5.5737938e-02   4.0626458e+00  -1.1078842e-01   2.7582058e-01  True
-9.5981055e-01   3.9937856e+00   6.4551952e-01   5.6277507e-01  True
-2.2017636e-01   4.0805815e+00   5.8221019e-01   4.0904379e-01  True
-3.5059187e-01   4.2580428e+00   2.0315831e-01   1.1919331e-01  True
 5.5738271e-02   4.0626458e+00   3.7938485e-01  -2.9197200e-01  True
 1.5379615e-01   3.8743875e+00   7.0151552e-02  -7.8007574e-01  True
-3.5059298e-01   4.2580428e+00  -1.7458742e-02  -1.6991820e-01  True
 5.5738903e-02   4.0626457e+00   0.0000000e+00   0.0000000e+00  True
 5.8509728e-01   3.9028376e+00  -4.1955840e-01   4.1285749e-01  True
-3.5058387e-01   4.2580431e+00   3.8032908e-02   1.4310085e-01  True
 2.2850877e-01   4.1502644e+00  -1.0226736e+00   4.4778358e-01  True
-3.7945694e-01   3.9747598e+00  -5.3148009e-02   1.5894138e-01  True
-3.7946133e-01   3.9747596e+00  -9.3038901e-03  -1.6133608e-01  True
 1.5379494e-01   3.8743876e+00   7.2645388e-02  -6.7436343e-01  True
-3.7945442e-01   3.9747599e+00   2.0324241e-01  -7.0006393e-01  True
-1.6323892e+00   3.8911881e+00  -2.6886577e-01  -2.7393452e-01  True
-5.1925843e-01   4.1471917e+00  -3.7524909e-02   1.2907201e-01  True
 7.6475951e-01   3.9668411e+00  -3.8196614e-01   3.8896103e-01  True
 1.2364965e+00   3.9164700e+00  -7.3393731e-01   6.6460951e-01  True
 5.8509481e-01   3.9028381e+00  -7.8530775e-03   4.1234212e-01  True
 5.8509651e-01   3.9028378e+00  -6.2340544e-02  -1.2284172e-01  True
-3.7945773e-01   3.9747597e+00   2.9409193e-01  -4.6109655e-01  True
 5.8509456e-01   3.9028382e+00   7.6271905e-01  -6.5004518e-01  True
 5.5735838e-02   4.0626459e+00   3.5125504e-01  -2.4120287e-01  True
 2.2850934e-01   4.1502644e+00  -1.7221043e-02   2.9829168e-02  True
 7.6476024e-01   3.9668409e+00  -7.4032164e-01   3.7193334e-01  True
 5.8509415e-01   3.9028383e+00  -8.8763568e-01   6.7115037e-01  True
-2.2017631e-01   4.0805815e+00   1.0078085e-01   4.2255641e-01  True
-2.2017752e-01   4.0805815e+00   4.0782012e-01   1.8832027e-01  True
-2.2017906e-01   4.0805815e+00  -4.5530319e-01  -3.1845680e-01  True
 6.5294447e-01   3.7045783e+00  -3.4423286e-03  -7.3456967e-01  True
 7.6476515e-01   3.9668397e+00   7.8396342e-01  -4.9078478e-01  True
 5.5734353e-02   4.0626460e+00  -1.4836325e-01   3.3460018e-02  True
-3.5058118e-01   4.2580432e+00  -4.4796560e-02   5.9739543e-02  True
-5.1925723e-01   4.1471918e+00   4.5193195e-02   2.0361084e-01  True
-6.3580473e-01   4.2451607e+00   3.2892966e-01   3.3111674e-01  True
 5.5735789e-02   4.0626459e+00  -4.5287482e-01   2.1307396e-01  True
 5.5738290e-02   4.0626458e+00   2.8699051e-01  -2.5518290e-01  True
-9.5980414e-01   3.9937868e+00  -8.2712825e-01  -6.3019137e-01  True
-9.5981709e-01   3.9937843e+00  -9.1683683e-01  -6.2576909e-01  True
 4.1340748e-01   3.8293058e+00   2.9301567e-01  -3.7083835e-01  True
-3.7722993e-03   3.7821570e+00  -2.2916413e-01   2.8093943e-01  True
-3.7945628e-01   3.9747598e+00  -2.9409174e-01   4.6109666e-01  True
