Position_x Position_y Speed_x Speed_y check
-7.5628507e+00   2.2862335e+00   0.0000000e+00   0.0000000e+00  False
-7.1958841e-01   3.4609530e+00   1.0876342e+00  -6.6943633e-02  True
-7.1987759e-01   3.4609098e+00   5.9999843e-01  -3.7579002e-01  True
-3.3554250e-01   3.5868817e+00   1.0994970e+00  -3.5117169e-01  True
-1.7096348e-01   3.3009300e+00   1.3086024e+00  -5.6785374e-01  True
-1.7096538e-01   3.3009300e+00   6.1251581e-01  -3.9366109e-01  True
-2.9858418e-01   3.1905185e+00   7.2905671e-01  -6.8818485e-01  True
 1.8862123e-01   2.9591617e+00   8.9391201e-01  -1.1627587e+00  True
 4.8706912e-01   3.1160486e+00   1.4188951e+00  -6.3383466e-01  True
 5.8424544e-02   2.8574836e+00   1.2230740e+00  -5.3936993e-01  True
 4.5107506e-01   2.7042587e+00   1.0591052e+00  -7.3773321e-01  True
 4.9003174e-01   2.5615606e+00   9.0871011e-01  -2.0116179e-01  True
 9.1262701e-01   2.7711161e+00   7.4818726e-01  -2.1765815e-01  True
 9.1264376e-01   2.7711090e+00   6.5012829e-01  -4.0834793e-02  True
 9.1264990e-01   2.7711065e+00  -1.0415695e-01   5.7180063e-01  True
 9.1262938e-01   2.7711151e+00   7.6856494e-02   7.5869120e-01  True
 5.2371905e-01   2.9865635e+00  -9.7606651e-01   1.3484742e+00  True
 1.9878897e-01   3.3657809e+00  -1.8849267e+00   1.3771483e+00  True
 1.4456078e-01   3.4833719e+00  -4.4088657e-01   1.1040606e+00  True
 2.1303759e-01   3.7619783e+00   1.6823527e+00   1.7813920e+00  True
 2.6023297e-01   4.0696139e+00  -3.4464137e-01   1.1274761e+00  True
-2.2374932e-01   4.0805557e+00  -7.7672638e-01   6.9259110e-01  True
 1.6270714e-01   4.2591851e+00   4.4909024e-01   3.7463606e-01  True
 1.5881445e-01   4.2595127e+00  -1.7584812e-01   6.2002757e-01  True
-3.2304801e-01   4.5594506e+00   9.1798497e-01   1.3160256e+00  True
 1.7278603e-01   4.6390336e+00  -1.0328224e-01   1.8587410e+00  True
 1.7628663e-01   5.0156412e+00   1.2488677e+00   1.9277060e+00  True
 4.4976317e-01   5.4597431e+00   5.8866227e-01   1.7865291e+00  True
 3.5609880e-01   5.5660673e+00   9.9669860e-01   1.8030432e+00  True
 4.5659634e+00   5.7304188e+00  -1.2093418e+00   2.8350259e+00  False
 4.1120834e+00   6.5545606e+00   1.3891525e+00  -1.6319142e-01  False
 1.2142812e-01   6.2281890e+00   2.6261812e-01   9.6157695e-01  True
 1.0903819e+00   6.2889771e+00   1.7820220e-01   8.8034900e-01  True
 3.8666824e-01   6.6714645e+00  -1.0438754e+00   1.0128862e+00  True
 3.4619390e-01   6.6748023e+00  -9.2157458e-01   7.7226996e-01  True
 3.6599033e-01   6.6732023e+00  -7.4358116e-01   7.1087583e-01  True
 1.1657598e+00   6.6476583e+00  -1.1710659e+00   8.0533841e-01  True
 4.4618349e-01   6.9400011e+00  -8.0399675e-01   5.4629905e-01  True
 4.8347371e-01   6.9364951e+00  -1.1640386e+00   4.6212173e-01  True
 4.2095342e-01   7.0356184e+00  -6.9476241e-01   4.0982971e-01  True
 2.1908124e-01   7.2302875e+00  -1.9584667e+00   5.0256750e-01  True
-5.5739217e-01   7.1376509e+00  -1.1981517e+00   2.2597581e-01  True
-5.2528593e-01   7.1395051e+00  -4.5369811e-01   4.7136340e-01  True
-5.8897770e-01   7.1356774e+00  -1.0968380e+00   2.2530442e-01  True
-5.9298237e-01   7.1354166e+00  -1.5556212e+00   3.1839723e-01  True
-1.4784922e+00   7.2035254e+00  -1.6025477e+00   5.4696696e-01  True
-1.7806337e+00   8.5460799e+00   1.5961975e-02   5.3025544e-02  True
 4.0702690e+00   7.9666355e+00   2.4363708e-01  -2.5085118e-01  False
-1.4243049e+00   7.3073902e+00   4.4399254e-01  -1.2523874e+00  True
 1.0594053e+00   9.8145395e+00   1.4091685e+00  -8.9636082e-01  True
-2.5004084e-01   6.7834312e+00  -1.5497197e+00  -1.5970054e+00  True
-8.1963581e-01   6.6563050e+00   1.0083353e+00  -1.7222661e+00  True
-1.8769916e+00   7.5071023e+00   7.8893823e-01  -1.5551941e+00  True
-5.4033834e-01   6.0370932e+00  -1.4499158e-01  -1.9405458e+00  True
-4.4510470e-01   5.6733478e+00   1.0178216e+00  -2.2064208e+00  True
-3.8797326e-01   5.3052145e+00   1.0967537e+00  -2.1300749e+00  True
 1.8776379e-01   5.0147948e+00   4.3648612e-01  -1.5154282e+00  True
-3.5299476e-01   4.9337939e+00   7.1541819e-01  -1.5800553e+00  True
-4.8026396e-01   4.7319505e+00   1.4320733e+00  -4.0838902e-01  True
 9.9087192e-02   4.7433070e+00  -3.1600644e-02  -7.2338220e-02  True
 1.0248321e-01   4.7431002e+00   4.6087754e-02   1.5181176e-01  True
-3.9807539e-01   4.6552592e+00   5.7263209e-01   6.2897137e-01  True
-3.8111839e-01   4.9326287e+00  -2.3364714e+00   1.0440192e+00  True
-5.5255856e-01   5.1026739e+00  -1.1337479e+00   6.7070354e-01  True
-4.1882937e-01   5.3037638e+00  -1.8838991e-01   1.0824485e+00  True
-8.8662693e-01   5.4436312e+00   8.3664721e-01   1.5240379e+00  True
-4.2443477e-01   5.6743963e+00  -1.2231052e+00   1.3527329e+00  True
-4.7256844e-01   6.0412188e+00   2.0780415e+00   2.3929448e+00  True
-5.4900988e-01   6.4047788e+00  -4.2565221e-01   2.0775239e+00  True
-1.8430186e+00   8.5397148e+00   4.3080564e+00   2.7389018e+00  True
 1.3433249e-01   7.2343571e+00   3.6975323e+00   2.7320120e+00  True
 2.1557789e-01   7.5959252e+00   1.6237364e+00   2.8710071e+00  True
 5.1661400e-01   8.0322072e+00   1.5096860e+00   2.9708251e+00  True
 1.5419388e+00   8.4301214e+00   4.3997449e-01   2.6811650e+00  True
 6.7312564e+00   7.6587918e+00  -1.2981796e-01   2.3005046e+00  False
-9.2504959e-01   9.2057188e+00   3.3642591e-01   1.7119289e+00  True
 5.8401615e-01   1.0943053e+01  -1.1505552e-01   9.4157614e-01  True
-7.9648679e-01   9.7622628e+00  -2.2616452e+00   2.5946142e-01  True
-2.2039931e+00   1.0577965e+01  -1.2423662e+00  -7.8893643e-02  True
-5.3091413e+00   5.3802320e+00  -1.7821554e+00  -1.4624684e+00  False
-4.7847501e-01   9.5080857e+00   1.7262306e+00   2.3754996e-01  True
-9.2459438e-01   1.0937852e+01  -3.4488321e+00  -1.1142914e-01  True
-6.6985344e-01   9.6791776e+00  -1.4692434e+00   2.8553104e-01  True
-1.0376319e+01   7.5462435e-01  -2.7234850e-01   5.3247432e+00  False
-1.7456124e+00   9.8293327e+00   2.0985322e-01   3.0988040e-01  True
 2.8162446e+00   9.8758336e+00  -2.6204398e+00   9.2853249e-01  True
-1.2542206e+00   1.0360409e+01  -2.4841274e+00  -8.3117051e-03  True
-5.5397384e+00   2.7074171e+00   1.6691269e-01   5.5478593e-01  False
-6.9061452e+00   5.4313627e+00  -3.6527579e-01  -7.9796924e-01  False
-2.6029451e+00   9.4533888e+00   2.7469035e-01  -5.1103815e-01  True
 8.5691653e+00  -4.2814279e+00   8.2392331e-01   2.0808754e+00  False
 9.8705915e+00  -3.1911184e+00   1.7874664e-01   1.7262685e+00  False
-5.6712418e-01   9.7759580e+00   1.9090586e+00  -6.5283288e-01  True
 4.8961515e-01   9.4917903e+00   1.8967007e+00  -6.7499801e-01  True
-2.4507164e+00   8.8389420e+00  -2.0604474e+00  -1.0778485e+00  True
-2.2359762e+00   8.8009576e+00   2.6533255e-02  -5.7779340e-01  True
-3.2929126e-01   9.0584619e+00   3.3625006e+00  -3.7156406e-01  True
-1.8028962e+00   1.0011654e+01   9.6920629e-01  -3.2910201e-01  True
-4.5111736e-01   8.6923473e+00   2.4947020e+00  -4.7431727e-01  True
 4.9426318e+00   8.8150676e+00   2.2654913e+00  -2.0457316e+00  False
-1.0159904e+01   4.2812836e+00  -2.6461256e-01  -2.3305216e+00  False
 3.5722426e-01   8.3170872e+00   1.0363397e+00  -1.4530919e+00  True
 8.3322522e+00  -2.1231380e+00  -1.7005062e+00  -1.2983098e+00  False
 4.8371266e-01   7.7622683e+00   1.0894687e+00  -2.0080934e+00  True
-1.0888053e+00   9.2046084e+00  -1.6760319e+00  -1.3917777e+00  True
-6.0486884e-01   9.2452022e+00  -1.5715520e+00  -1.2383263e+00  True
-9.7116334e+00   3.3431411e+00  -1.0866832e+00  -7.3445243e+00  False
-1.3656381e+00   8.6246606e+00  -1.7705461e+00  -1.2088682e+00  True
 3.7958865e-01   6.6720671e+00  -7.1913296e-01  -7.8749967e-01  True
-5.8681804e-01   6.7694814e+00  -1.9125348e+00  -4.0284439e-01  True
-4.6968916e-01   6.7763393e+00  -9.2512036e-01  -1.6990119e-01  True
 3.6627136e+00   6.3049072e+00  -1.6382574e+00   1.0370784e+00  True
-5.1953545e-01   6.4066210e+00  -7.8621645e-01  -4.2286103e-01  True
-1.4849024e+00   6.3611623e+00  -1.6378087e+00  -9.0242622e-01  True
-1.4486680e+00   6.0896164e+00  -5.2285939e-01  -7.8317326e-01  True
-1.5922077e+00   6.0553222e+00   1.0948354e+00  -3.6331321e-01  True
-1.4323378e+00   5.9972104e+00   8.0390100e-01  -4.5606051e-01  True
-4.8076065e-01   6.0407628e+00   1.8533876e-01  -6.9182079e-01  True
-1.3840153e+00   5.7278462e+00   2.6984444e+00  -2.2480274e-01  True
-1.3504539e+00   5.7353621e+00   2.2252228e-02  -1.1715411e+00  True
-4.7683047e-01   5.6715839e+00   9.6386229e-01  -1.4531341e+00  True
-2.0827782e+00   5.1192807e+00   1.5406156e+00  -9.1806606e-01  True
-6.4597750e-01   5.1916086e+00   1.5495906e+00  -1.5026225e+00  True
-3.5451137e-01   4.9337353e+00   3.0418153e+00  -1.4545557e+00  True
 1.7386327e-01   4.6389488e+00   2.0123253e+00  -1.4413207e+00  True
 8.4467667e-01   4.3401437e+00   1.8213227e+00  -1.7929431e+00  True
 3.7731520e+00   4.0987828e+00   2.2501078e+00  -3.2209825e+00  True
 1.3247910e+00   4.2027590e+00   1.3104898e+00  -8.7112818e-01  True
 1.1884665e+00   4.0415111e+00   9.7299870e-01  -7.7623124e-01  True
 1.4114186e+00   3.8681940e+00   6.3984575e-01  -9.7057478e-01  True
 1.2204984e+00   3.8388369e+00  -1.0384638e+00  -7.5348827e-01  True
 1.0771959e+00   3.6749204e+00  -1.1378190e-01  -1.5105045e+00  True
 1.5561393e+00   3.2499438e+00  -1.0460024e+00  -1.0830049e+00  True
 6.3673505e-01   3.1928283e+00  -1.2061537e+00  -1.4851942e+00  True
 4.8704107e-01   3.1160551e+00  -1.2599121e+00  -8.3185278e-01  True
 8.9417189e-01   2.9052567e+00  -1.0813910e+00  -4.3869001e-01  True
 1.8863172e-01   2.9591602e+00  -8.2177406e-01   1.5261412e-01  True
 4.8700484e-01   3.1160634e+00  -1.1956248e+00   9.9316150e-01  True
-3.6904003e-01   3.3007946e+00  -1.3192773e+00   9.6645716e-01  True
 1.4448516e-01   3.4833797e+00  -7.3057099e-01   1.2679100e+00  True
-3.3553496e-01   3.5868820e+00  -2.0562173e+00   2.0179627e+00  True
-8.7733725e-01   3.9302236e+00  -4.0867449e-01   2.3453274e+00  True
-2.4781748e-01   4.4615037e+00  -1.5406714e+00   2.6768456e+00  True
 1.7795225e-01   4.6386243e+00  -3.5083628e-01   1.9909634e+00  True
-1.0944487e+00   4.9360374e+00  -6.3018599e-01   2.4868894e+00  True
-3.7597155e-01   5.3057279e+00   1.5562901e+00   2.4216976e+00  True
-5.1166554e-01   5.6694315e+00   1.7150347e-01   2.0756563e+00  True
-7.9670439e-01   5.9199762e+00  -4.8491009e-01   2.1175857e+00  True
-1.9706265e+00   7.5779237e+00   5.5953793e-01   2.1006216e+00  True
-6.0649697e-01   6.7681185e+00   3.1637720e+00   2.4161942e+00  True
