Position_x Position_y Speed_x Speed_y check
-1.1065052e+00   3.0651919e+00   0.0000000e+00   0.0000000e+00  True
 1.4450311e-01   3.4833778e+00  -4.7127590e-01   2.9322050e-01  True
 5.7317827e-01   3.3927196e+00  -5.9522595e-01   6.8384493e-01  True
-2.6400311e-01   3.4790956e+00  -9.5352098e-01   7.7348823e-01  True
-4.5001113e-01   3.7617868e+00  -1.1264540e+00   7.8720570e-01  True
-2.6290419e-01   3.7994304e+00  -7.8536248e-01   4.8516096e-01  True
-7.9678338e-01   3.8400712e+00  -1.5217654e+00   9.2469931e-01  True
-4.5477579e-01   4.0738472e+00   6.8808224e-01   8.8105288e-01  True
-1.0471916e+00   4.0792585e+00   7.3435517e-01   8.8070420e-01  True
-4.2910570e-01   4.3558764e+00   8.5500894e-01   7.7554092e-01  True
-5.0730712e-01   4.4512355e+00   5.5982530e-01   6.9006364e-01  True
-3.2296979e-01   4.5594532e+00   7.1456862e-01   7.2516464e-01  True
-4.8282524e-01   4.7317799e+00   3.0693541e+00   9.0890921e-01  True
 3.0273827e-01   4.8239208e+00   1.8223627e+00   3.0134631e-01  True
 9.1982266e-01   4.7102114e+00   1.6291002e+00   5.2123492e-04  True
 8.4463458e-01   4.8280138e+00   1.7380212e+00   1.1826113e-01  True
 8.4414246e-01   4.8281222e+00   1.0810811e+00   2.2308377e-01  True
 1.6647486e+00   4.7674055e+00   1.0356279e+00   6.6812910e-01  True
 9.1452303e-01   5.1943244e+00  -2.2819682e-01   1.0584459e+00  True
 9.1667155e-01   5.1938538e+00   2.0715726e-01   5.5212610e-01  True
 8.2861317e-01   5.3962170e+00   9.6635823e-01   4.8523934e-01  True
 9.8563954e-01   5.5581677e+00  -5.6459538e-01   1.0783236e+00  True
 9.8508253e-01   5.5582890e+00  -8.6547846e-01   9.5937050e-01  True
 6.3738990e+00  -1.9789671e+00   2.5245451e-01  -7.6949512e-01  False
 7.8194658e-01   5.8778038e+00  -2.2895803e+00   6.6373438e-01  True
 3.7190178e-01   5.9353902e+00  -2.3710447e+00   5.4672779e-01  True
-5.5479148e-01   6.1305558e+00  -1.9129417e+00   4.2537846e-01  True
-4.6705676e-01   6.0415190e+00  -2.7257175e+00   6.2692223e-01  True
-1.4562522e+00   6.0879001e+00  -2.6157122e+00   4.0044734e-01  True
-1.4913168e+00   7.6826605e+00  -3.2191479e-01   3.9192474e-01  True
-5.8517005e+00   5.8706878e+00   2.2503770e+00   2.4011592e+00  False
-2.1318745e+00   8.2863882e+00  -2.5103073e+00  -5.4990843e-02  True
-1.2299193e+00   6.6008821e+00  -9.3514697e-01   4.1864334e-01  True
-1.5990888e+00   6.7103114e+00  -2.6963148e-01   1.4251986e-01  True
-2.8727735e-02   9.4424163e+00   9.9919684e-02  -5.0208631e-02  False
-2.7591707e+00   6.4224829e+00   1.6663535e+00   5.6562865e-01  False
-1.6145851e+00   6.7067449e+00   3.2479469e+00   4.2458639e-01  True
-1.6015211e+00   6.7097543e+00   3.5635442e-01  -3.0210710e-01  True
-3.6588275e+00   4.5853973e+00   3.0756067e-01  -1.9198653e-01  False
-1.5941921e+00   6.7114300e+00  -2.2205972e+00  -7.9131116e-01  True
-1.5547358e+00   6.4409213e+00  -1.3894095e+00  -8.1342518e-01  True
-1.4907892e+00   6.3598522e+00   9.1005565e-01  -2.8107875e-01  True
-8.0402140e-01   6.2892032e+00   9.1068645e-01  -2.9847162e-01  True
-5.0409010e-01   6.4075290e+00   8.4411221e-01  -6.9871934e-01  True
 2.0830644e-01   6.1289723e+00   1.7373793e+00  -7.3630244e-01  True
-1.8452719e-01   6.1433892e+00   1.2759202e+00  -6.4481741e-01  True
 6.8747583e+00  -2.6548710e+00   5.6011196e-02   1.4713254e+00  False
-2.5681028e-01   5.8690151e+00   1.0901306e+00  -6.0958778e-01  True
-5.1150551e-01   5.7646181e+00   1.4583963e+00  -6.5959233e-01  True
-4.2713501e-01   5.6742639e+00   1.7163486e+00  -9.4662373e-01  True
 4.3809890e-01   5.4611077e+00   1.2319953e-01  -1.0547013e+00  True
 1.9279191e-01   5.3884223e+00   1.5222897e-01  -7.9965704e-01  True
 9.1400428e-01   5.1944378e+00   4.3628437e-01  -1.1066812e+00  True
 1.8305943e-01   5.0151450e+00   1.6644307e-01  -1.1629689e+00  True
 8.4492920e-01   4.8279489e+00  -1.1393045e-01  -8.6362534e-01  True
 1.8305873e-01   5.0151451e+00  -9.1306905e-01  -3.9124900e-01  True
 8.4452526e-01   4.8280379e+00  -4.9046579e-01  -3.0909798e-01  True
 9.9437663e-02   4.7432858e+00  -5.5380917e-01  -3.7945472e-01  False
-4.0465307e+00   2.8780411e+00   3.2677224e-01  -1.7811953e-01  False
-1.1860860e+00   7.2014616e+00  -1.5931021e+00  -4.6810835e-01  False
 1.7329945e-01   4.6389932e+00  -6.2678921e-01  -1.5754595e-01  True
 1.3062902e+00   4.4008325e+00  -3.3067440e-01   3.1415481e-02  False
-2.4826074e-01   4.4614970e+00  -8.5886382e-01  -1.4690105e-01  True
-2.4816430e-01   4.4614985e+00  -7.5008517e-01  -1.9465619e-01  True
-5.0719034e-01   4.4512443e+00  -9.3094198e-01  -2.0947620e-01  True
-1.1686515e+00   4.4391819e+00  -2.3101457e+00  -7.1588165e-01  True
-8.8311216e-01   4.2119787e+00  -1.0567188e+00  -5.2801238e-01  True
-1.0368578e+00   4.3848934e+00  -1.4142627e+00  -6.6637412e-01  True
-8.8316179e-01   4.2119702e+00  -1.2696827e+00  -4.9193850e-01  True
-1.4593650e+00   3.8682747e+00  -6.1337453e-01  -7.0259287e-01  True
-1.6143704e+00   3.7056764e+00  -5.9905040e-01  -6.6067275e-01  True
-8.7632458e-01   3.9304068e+00  -8.8715477e-01  -1.0713988e+00  True
-1.1908566e+00   3.6598668e+00  -3.0020042e-01  -8.7279337e-01  True
-1.3199229e+00   3.5152770e+00   1.3846540e-01  -6.3849314e-01  True
-1.2307469e+00   3.4351490e+00  -3.5788209e-01  -1.1341454e+00  True
-1.6905836e+00   3.0419960e+00  -5.2367837e-01  -1.3376051e+00  True
-1.1985518e+00   3.1504475e+00  -1.9646227e-01  -1.0311919e+00  True
-1.1065052e+00   3.0651919e+00   7.2741620e-01  -8.8142691e-01  True
-1.5235140e+00   2.6948070e+00   6.2543786e-01  -7.1006416e-01  True
-1.4207268e+00   2.6205160e+00   7.5311139e-01  -4.9587240e-01  True
-6.7728849e-01   2.8372065e+00   1.3092285e+00  -5.1726873e-01  True
-1.0911262e+00   2.5283094e+00   1.3872107e+00  -4.2904467e-02  True
-5.2104722e-01   2.5617257e+00   9.0446920e-01   1.0786813e-02  True
-1.0911262e+00   2.5283094e+00   2.9875185e-01   5.1275202e-01  True
-2.7027744e-01   2.7843742e+00   1.1956159e+00   5.6861607e-01  False
-2.7027745e-01   2.7843742e+00   5.5998792e-01   1.0350812e+00  True
 1.8862063e-01   2.9591618e+00   9.9059305e-01   8.5132574e-01  True
 5.9038176e-02   3.2697129e+00   2.4576489e-01   1.1114162e+00  True
-1.7097276e-01   3.3009301e+00   3.9542033e-01   6.5402915e-01  True
 5.9038175e-02   3.2697129e+00   1.2006901e-01  -3.3983963e-02  True
-1.7097277e-01   3.3009301e+00   2.7676247e-01  -2.1778303e-01  False
 1.3628243e-01   3.0845463e+00   1.2154558e-01  -5.1598252e-01  True
 4.8707531e-01   3.1160472e+00   3.2476423e-01  -8.2581538e-01  True
 1.3628244e-01   3.0845463e+00   2.0897857e-01  -9.3653651e-01  True
-6.6729767e-02   2.7469784e+00   1.2520278e-01  -6.0947533e-01  True
 4.5107320e-01   2.7042592e+00   1.3615768e-02  -7.5164322e-01  True
 1.8480574e-01   2.5401317e+00   1.1487563e-01  -1.9598282e-01  True
 1.8862063e-01   2.9591618e+00   4.3173730e-01   2.3262207e-01  False
 5.9073733e-01   2.7871333e+00   1.3685594e-01   9.2931650e-01  True
 9.1262787e-01   2.7711157e+00   8.9886139e-02   9.3981515e-01  True
 4.8707531e-01   3.1160472e+00  -5.6880864e-02   1.1581060e+00  True
 5.9970203e-01   3.3171881e+00   3.2093474e-01   1.6169836e+00  True
 2.9536894e-01   3.5715168e+00  -1.7176052e-01   1.3510176e+00  True
 1.5379589e-01   3.8743876e+00   5.5214399e-01   1.3957155e+00  True
 1.6350490e-01   4.2591176e+00  -1.5910283e-01   1.8477952e+00  True
 3.4661687e-01   4.3399477e+00   1.6849112e-01   1.6554949e+00  True
 7.7707969e-01   4.4583700e+00   4.7351472e-01   1.4200203e+00  True
 8.4464574e-01   4.8280114e+00   2.9074459e-01   1.6318081e+00  True
 4.0656059e-01   5.0902758e+00   3.4900441e-02   1.5084852e+00  True
 9.1481938e-01   5.1942595e+00   4.6564138e-01   1.4526930e+00  True
 9.8687986e-01   5.5578973e+00   1.4334247e+00   1.2354520e+00  True
 9.8632709e-01   5.5580178e+00   9.8795648e-01   1.2242292e+00  True
-7.6155778e+00  -9.2979751e-01  -1.3117427e+00   1.0373934e+00  False
 1.1348730e+00   6.2794746e+00   1.2857057e+00   1.1513130e+00  True
 1.4282021e+00   6.3042381e+00   1.4668062e+00   1.3847995e+00  True
 1.2233967e+00   6.6352745e+00   7.9062687e-01   1.3303721e+00  True
 5.6784843e-01   6.9277753e+00  -3.2271242e-03   1.5014938e+00  True
 4.3529019e-01   7.0343686e+00   3.2112015e-01   8.9098784e-01  True
 6.4929610e-01   7.2862755e+00  -4.6250015e-01   1.6490306e+00  True
 1.3629919e+00   7.3524636e+00  -1.2049346e+00   1.5057268e+00  True
 5.2195815e-01   7.7588765e+00   3.2380469e+00   8.5209382e-01  True
-6.5955426e-01   7.8616094e+00  -1.8200447e+00   1.4383933e+00  True
 5.7610757e-01   8.1192405e+00  -7.3532878e-01   1.3102551e+00  True
-1.0098096e+00   9.8465033e+00  -3.7479404e+00   7.3651482e-01  False
-8.4842812e+00   6.7961768e+00   3.2241260e+00   5.4044659e+00  False
-8.4628266e-01   8.6682425e+00   2.0386038e+00   1.1421013e+00  True
-8.2328353e-01   8.9422296e+00  -2.7328590e+00   1.0925121e+00  True
 7.4894913e-01   1.0566941e+01  -4.8990727e+00   1.2923408e+00  True
-5.2936573e+00   9.1839611e+00   4.3145999e-01   4.2800159e-01  False
 9.9272252e+00   8.4006757e+00  -5.8070011e-01   8.2301854e-01  False
 1.0007722e+01  -2.5073243e+00  -3.9233784e-01  -1.6284204e+00  False
-9.1297924e-01   9.4822870e+00  -5.0667178e-01  -9.3325876e-02  True
 1.9213360e-01   9.5077273e+00   3.1476363e-01   1.2791469e-02  False
 9.8315969e+00   6.3273886e-01  -1.2573169e-01   5.3195096e-01  False
-2.3359619e+00   8.8696886e+00   9.5718788e-01  -6.1566595e-01  True
 9.0153588e+00  -3.3842801e+00  -1.5220085e+00  -1.2356736e+00  False
-6.4749256e-01   8.9544215e+00  -2.5890825e-01  -1.0034665e+00  True
 7.2930920e+00   7.7276091e+00   2.9489517e+00  -3.4294906e+00  False
-3.4414543e+00   7.8094483e+00  -2.3887245e-01  -1.3223481e+00  False
-2.0676281e+00   8.0953064e+00  -4.4298855e-01  -1.1545314e+00  True
-3.3004503e+00   7.4754217e+00   7.2416166e-01  -8.6351945e-01  False
 1.6784188e+00   8.5909732e+00   5.7269690e-01  -1.0861073e+00  False
-1.0932577e+00   7.7266302e+00   1.3824296e-02  -9.9674811e-01  True
-1.8171789e+00   7.4081810e+00   1.6974935e-01  -9.2627867e-01  True
-1.8683842e+00   7.4906211e+00   7.1420246e-01  -6.9001373e-01  True
-1.3953045e+00   7.3126905e+00  -5.3635535e-01  -4.7554040e-01  True
-2.9800435e+00   6.9238120e+00   3.5263705e-02   2.3083082e-01  False
-2.9128927e+00   8.8065070e+00  -5.0846765e-01   1.1907138e-02  False
-1.8263210e+00   7.4059929e+00  -5.2677083e-01   5.0893565e-01  True
-1.9355808e+00   7.4739249e+00  -3.9701460e-01   6.3801609e-01  True
