Position_x Position_y Speed_x Speed_y check
 1.7061651e+00   5.2510779e+00  -3.9541117e-01  -1.1718714e+00  True
-8.9046235e-01   4.2107084e+00  -1.1542722e+00   4.0040196e-01  True
-8.7804757e-01   4.2128461e+00  -7.9203062e-01   7.0102686e-01  True
-8.8707230e-01   4.2112960e+00  -1.7152858e+00   6.8305363e-01  True
-1.6085254e+00   4.2133217e+00  -8.1810652e-01   8.4228688e-01  True
-9.7169797e-01   4.5790167e+00   1.2694794e+00   1.1261729e+00  True
-1.0371102e+00   4.6662212e+00  -5.0803750e-01   8.3287317e-01  True
-1.0650556e+00   4.9417416e+00   2.5268436e-01   1.3913023e+00  True
-1.9404020e+00   4.8810691e+00  -6.2956680e-01   8.3273638e-01  True
-1.1980614e+00   5.2937804e+00   1.1345044e-01   9.4917832e-01  True
-2.0757011e+00   5.1221188e+00   7.5664244e-01   1.3036434e+00  True
-1.7473066e+00   5.4378918e+00  -9.6240040e-01   9.3071955e-01  True
 3.2734050e+00   3.1163438e+00   1.6972538e+00  -1.1320556e+00  True
-1.3034951e+00   5.6489720e+00   4.1590713e-01   8.8493535e-01  True
-4.6445002e-01   6.0416591e+00   1.0237165e+00   1.0105803e+00  True
-4.9140993e-01   6.4082449e+00   9.2075353e-01   1.2544052e+00  True
-1.8458635e+00   8.1699033e+00   1.2990979e+00   9.1578114e-01  True
 3.7997331e+00   3.3214193e+00   1.6586977e+00  -1.7586280e+00  True
-5.4056857e-01   6.4053211e+00   1.5313310e+00   8.7272062e-01  True
 3.9566432e+00   3.4117503e+00   4.6998362e-01  -4.4742840e-01  False
-1.3776243e+00   6.5734764e+00  -3.1908056e-01   6.3033073e-02  True
 6.5941909e+00  -2.3865358e+00   5.8441347e-01   1.3886221e+00  False
 1.3446593e+00   6.5114479e+00   5.1557048e-01  -3.2963451e-01  True
 3.2848778e-01   6.7697378e+00   8.0381871e-01  -2.3378555e-01  True
 2.8428479e-01   6.4924270e+00   5.8673415e-01  -3.6562623e-01  True
 1.0693695e+00   6.2933444e+00   4.6904058e-01  -6.3021515e-01  True
 1.1610511e+00   6.2737208e+00   7.0223297e-01  -9.2287952e-01  True
 1.3366008e+00   5.9489206e+00   7.4479454e-01  -1.1295287e+00  True
 9.6452382e-01   5.9394996e+00   7.1749541e-01  -8.5818863e-01  True
 1.0664918e+00   5.9181533e+00   5.3530919e-01  -8.8597989e-01  True
 1.9634517e+00   5.4438021e+00   3.6645762e-01  -9.6474464e-01  True
-7.4100405e-01   7.7933827e+00   1.4340081e+00  -4.5166708e-01  True
 4.4414227e+00   4.8367983e+00   1.6965470e+00  -2.4656629e+00  False
 1.7817496e+00   5.1197257e+00  -3.1763017e-01  -7.3888310e-01  True
 3.3964060e+00   5.6165946e+00  -8.6686459e-01  -1.2049448e-01  True
 3.8766022e-01   5.0924750e+00  -3.6106055e-01  -9.5480387e-01  True
 1.4362640e+00   4.7521479e+00  -6.3622890e-01  -5.8109846e-01  True
 9.0631312e-01   4.7134568e+00  -6.6759735e-01  -9.1947274e-01  True
 7.7194385e-01   4.4595103e+00  -1.0296144e-01  -1.1652801e+00  True
 8.4090438e-01   4.3410627e+00  -1.0300322e+00  -7.7763796e-01  True
 8.4057804e-01   4.3411420e+00  -1.5745375e+00  -7.5414599e-01  True
-4.3145507e-01   4.3557415e+00  -1.2694989e+00  -9.1514480e-01  True
-2.2061029e-01   4.0805786e+00  -5.8759228e-01  -8.6833265e-01  True
 1.5356441e-01   3.8744090e+00  -6.6838561e-01  -6.5721243e-01  True
 1.5381622e-01   3.8743857e+00  -1.0343111e+00  -5.2541641e-01  True
 1.5352869e-01   3.8744123e+00  -1.0017532e+00  -2.5972029e-01  True
-8.4823291e-01   3.6212061e+00  -1.5915825e+00  -5.4250430e-01  True
-3.3567668e-01   3.5868771e+00  -1.0566634e+00  -8.4174529e-02  True
-1.9417729e-01   3.6941935e+00  -1.2093559e+00   2.6744793e-01  True
-9.3525555e-01   3.7116282e+00  -9.8447284e-01   4.9647275e-01  True
-1.0406416e+00   4.0806767e+00  -8.7008320e-01   9.2389606e-01  True
-1.0473040e+00   4.0792341e+00  -6.3391960e-01   7.3657586e-01  True
-8.8256954e-01   4.2120720e+00  -4.7493504e-01   7.3343325e-01  True
-1.6058159e+00   4.2142967e+00  -1.0105222e+00   6.6403566e-01  True
-9.7903524e-01   4.5776767e+00  -6.9491869e-01   1.1716072e+00  True
-1.7735425e+00   4.5490000e+00  -9.7831726e-01   7.3866129e-01  True
-1.5505692e+00   4.7258411e+00  -6.2262034e-01   8.3901593e-01  True
-1.1330084e+00   5.0265676e+00  -6.6347102e-02   1.1495321e+00  True
-1.9415563e+00   4.8806193e+00  -8.6951454e-02   1.1793392e+00  True
-1.1365489e+00   5.3060875e+00   6.9795170e-02   7.5886869e-01  True
-1.2354705e+00   5.2859084e+00   2.0585087e-01   8.9452021e-01  True
-1.5767355e+00   5.4858635e+00   8.8200922e-01   1.2061302e+00  True
-1.2577833e+00   5.6585733e+00   5.0483265e-01   1.1543518e+00  True
-1.0256154e+00   5.8915895e+00   1.6797589e-01   8.1182282e-01  True
-2.0028881e+00   5.8390158e+00   5.0609198e-01   8.7961249e-01  True
-1.4460380e+00   6.0902092e+00   1.0853052e+00   1.0400833e+00  True
 3.7601457e+00   3.2178449e+00   3.3957801e+00  -3.3989761e+00  True
-5.2628101e-01   6.4062120e+00   9.7373574e-01   6.6190654e-01  True
 4.9384196e+00   6.0000671e+00   5.1786948e-01  -1.4328665e-01  False
-1.4765546e+00   6.3630098e+00   1.1343262e+00   8.6393117e-01  True
-1.7131542e+00   6.4020915e+00   1.7558679e+00   1.0507769e+00  True
 1.2313603e-01   6.5956034e+00   1.5102121e+00  -4.5655435e-02  True
-3.8136794e-01   6.9658355e+00  -2.8033422e-04  -2.0057588e-01  True
 6.0773062e-01   6.5544610e+00   1.2673261e+00  -6.8261136e-01  True
 1.6425408e-01   6.4998476e+00   7.1232144e-01  -5.6075291e-01  True
-3.3643643e+00   2.0224795e+00   3.7715138e-01   2.2977881e-01  True
 4.6215559e-01   6.5706133e+00   1.2084597e-01  -7.4120447e-01  True
 6.1990196e+00  -1.0230923e+00  -2.3710969e-01   1.5763373e+00  False
 1.2557029e-01   6.2279912e+00  -8.6569996e-02  -6.2203475e-01  True
 1.3252756e+00   5.9519194e+00   6.5772858e-01  -7.1692266e-01  True
 6.0362541e-01   6.0032279e+00   1.6033410e+00  -7.9592361e-01  True
 3.9998358e-01   5.9326675e+00   7.0144994e-01  -9.0144363e-01  True
 4.6102754e-01   5.8309277e+00   5.8144837e-01  -6.9597440e-01  True
-1.1342370e+00   7.9320242e+00  -4.0026434e-01  -4.2579542e-01  True
-2.6249218e-01   7.8189942e+00   1.6329359e+00  -4.6682119e-01  True
 4.4276399e-01   5.4605651e+00  -2.8905385e-01  -9.3543694e-01  True
 1.5945190e+00   5.0903854e+00   1.1062473e+00  -1.2366876e+00  True
-7.8142454e-01   7.5197399e+00  -3.6634576e-01  -8.2500863e-01  True
 1.6665321e+00   4.7666815e+00  -3.3703431e-01  -1.1430066e+00  True
 8.4223278e-01   4.8285421e+00  -1.0370842e+00  -8.7313593e-01  True
 1.4550548e+00   4.5534887e+00  -6.1358146e-01  -6.6438854e-01  True
 7.7979124e-01   4.4577654e+00  -7.2405114e-01  -8.6679508e-01  True
 8.4246057e-01   4.3406840e+00  -8.5530219e-01  -1.0146465e+00  True
 1.4036367e+00   4.0656974e+00  -6.8296068e-01  -7.2389216e-01  True
 7.1165932e-01   4.0846045e+00  -2.6679353e-01  -7.7765406e-01  True
 3.1984512e-01   3.9585721e+00  -9.3803291e-01  -6.2858665e-01  True
 5.8574682e-01   3.9027055e+00  -9.4989101e-01  -5.1628460e-01  True
 1.5299639e-01   3.8744616e+00  -1.2961282e+00  -4.9733199e-02  True
-2.6274035e-01   3.7994332e+00  -4.6386606e-01   1.0494473e-01  True
 1.5465708e-01   3.8743077e+00  -3.5555266e-01   2.2839490e-01  True
