Position_x Position_y Speed_x Speed_y check
-7.9678598e-01   3.8400708e+00  -9.1188422e-01   5.4278679e-01  True
-5.4685837e-01   6.7720622e+00   2.8431142e+00   1.0474252e+00  False
-1.5966355e+00   6.7108723e+00  -4.3597312e-01   4.0859770e-01  False
-5.5281668e-01   6.7716932e+00   6.1239113e-01   4.1348584e-01  True
-2.3728481e+00   8.3124596e+00   1.2455081e+00   6.8590453e-01  False
-1.4549602e+00   8.7002441e+00   1.0660610e+00   3.1809978e-01  False
-1.0417220e+00   8.6662496e+00   7.8688612e-01   1.1085676e-01  True
 2.3297738e-01   6.8631989e+00   5.1686060e-01  -5.4240316e-02  False
 2.2827984e-01   6.8634768e+00   1.5651832e+00  -3.6521631e-01  False
 2.2725842e-01   6.8635368e+00   7.9399946e-01  -3.9518098e-01  True
 1.0719549e+00   6.8501514e+00   1.2287506e+00  -8.4236921e-01  True
 2.0628529e-01   6.8647330e+00   7.5996454e-01  -4.6492313e-01  True
 1.2103742e+00   6.6381208e+00   9.5832300e-01  -6.9184816e-01  True
 4.2108950e-01   6.6684210e+00   8.3845558e-01  -5.0114813e-01  True
 1.0301603e+00   6.4850044e+00   1.1380650e+00  -7.7828129e-01  True
 1.1243660e+00   6.2817500e+00   1.0230853e+00  -1.0884139e+00  True
 2.1085856e-01   6.1288104e+00   5.9324211e-01  -1.1162085e+00  True
 6.1569694e-01   6.0881404e+00  -3.7018284e-01  -7.8519246e-01  True
 1.1808646e+00   5.7947001e+00  -1.9934553e-01  -8.5574786e-01  True
 1.2432082e+00   5.5928379e+00  -5.5593535e-01  -7.8580092e-01  True
 9.8696447e-01   5.5578789e+00  -9.9815185e-02  -8.4738087e-01  True
-7.1661477e-01   7.7036129e+00   1.0920884e+00  -5.5664292e-01  False
 4.3875619e-01   5.4610315e+00   1.2172595e-01  -9.2987523e-01  True
 3.6695811e+00   5.1847612e+00   2.2140279e-01  -1.3809641e+00  False
 1.6648614e+00   4.7673597e+00  -8.1035921e-01  -7.3664612e-01  True
 1.0652437e+00   4.8733105e+00  -1.1649720e+00  -5.1335002e-01  True
 1.3062731e+00   4.4008386e+00  -7.3141230e-01  -9.6303021e-01  True
 8.3991188e-01   4.3413039e+00  -1.6001964e+00  -1.2321918e+00  True
 6.4205249e-01   4.2833715e+00  -1.5243318e+00  -8.5793169e-01  True
 7.1272302e-01   4.0843633e+00  -1.1316588e+00  -6.3319835e-01  True
 7.6475543e-01   3.9668421e+00  -1.0255149e+00  -6.0701492e-01  True
 3.1942482e-01   3.9586279e+00  -2.7529892e-01  -1.7611260e-01  True
 5.8509434e-01   3.9028382e+00  -1.2627611e+00   6.4989453e-02  True
 1.5379490e-01   3.8743876e+00  -1.0868825e+00  -1.1384905e-01  True
-7.9678576e-01   3.8400708e+00  -1.5055246e+00  -4.0282874e-01  True
-2.6290493e-01   3.7994304e+00  -1.8549341e+00   3.8573701e-01  True
-8.7632565e-01   3.9304066e+00  -1.5287703e+00   1.4696302e-01  True
-7.9678274e-01   3.8400713e+00  -1.3073892e+00   3.1437129e-01  True
-8.8317173e-01   4.2119685e+00  -1.9753918e+00   5.8965225e-01  True
-8.8312518e-01   4.2119765e+00  -8.6474166e-01   8.4782214e-01  True
-1.6106336e+00   4.2125615e+00  -1.3043619e+00   5.2782926e-01  True
-1.1686019e+00   4.4391934e+00  -1.9727728e+00   5.3991314e-01  True
-1.7694737e+00   4.5505281e+00  -7.4005960e-01   1.0973575e+00  True
-1.2972143e+00   4.7931258e+00  -1.5897926e-01   1.1637166e+00  True
-1.1503602e+00   5.0230099e+00  -3.2654851e-01   1.0678305e+00  True
-1.1763134e+00   5.2982219e+00  -4.2580150e-01   1.3782591e+00  True
-2.0912778e+00   5.2172902e+00  -3.2105036e-01   1.1369223e+00  True
-1.8720508e+00   5.4964717e+00  -3.1089054e-01   1.0811482e+00  True
-2.2733008e+00   5.5393809e+00  -3.1804581e-02   8.7956502e-01  True
-1.3964292e+00   6.0051961e+00   1.9935155e-01   1.5502685e+00  True
-2.9198188e+00   5.5354498e+00  -4.9839733e-01   8.0238190e-01  False
-1.4868565e+00   6.3607281e+00  -4.9145669e-01   4.4972904e-01  True
-1.5585547e+00   6.4400372e+00   1.8399691e-01   7.7997102e-01  True
-1.9467636e+00   8.2370305e+00   1.9521328e+00   1.5367568e+00  False
-2.1894148e+00   7.7950776e+00   1.3297566e+00   8.8088217e-01  True
-1.6618187e+00   6.7909894e+00   7.2297868e-01   8.5984464e-01  True
 3.1291205e+00   5.4552076e+00  -3.6599297e-01   1.2419154e+00  False
-5.7977279e-01   7.1362678e+00   1.1176824e+00   9.4290607e-01  True
-1.3048713e+00   7.2346560e+00   3.7598601e-01   3.1461103e-01  True
-5.8559804e-01   7.1358956e+00   7.5504629e-01   3.4820982e-01  False
-6.8091231e-01   7.2221011e+00   1.9209624e+00   5.7516434e-01  True
 7.7661543e+00  -2.8690275e+00   8.4482114e-01   1.9382663e+00  False
 7.7717458e+00  -2.8560536e+00   4.1125217e-01   8.2474079e-01  False
-8.3204824e+00  -5.3310132e-01   6.8452735e-03  -4.1512218e-01  False
 6.1786643e-01   7.2898472e+00   1.1270048e+00  -7.4850043e-02  True
 6.0551918e-01   7.2912108e+00   5.0308339e-01  -2.3079732e-01  True
-5.7771137e-01   7.1363983e+00   1.1531428e+00  -2.7414208e-01  False
 1.2813787e+00   6.9968245e+00   1.0920763e+00  -8.9703192e-01  True
 1.2844013e+00   6.9961687e+00   7.8527822e-01  -9.0699879e-01  True
 2.3525334e-01   7.2293918e+00   8.8286638e-02  -6.7777532e-01  True
-8.1184339e+00  -1.1676065e+00   9.6220534e-01  -1.7563264e+00  False
 1.1993891e+00   6.6404999e+00   9.9670666e-01  -1.2079236e+00  True
 4.2354732e-01   6.6681964e+00   1.7050370e+00  -1.1534633e+00  True
 3.9862614e-01   6.3022723e+00   1.1686704e+00  -7.8705354e-01  True
 1.1360368e+00   6.2792213e+00   6.1729401e-01  -1.1568398e+00  True
 1.0593304e+00   5.9197155e+00  -1.2829739e+00  -9.8282488e-01  True
 1.1675875e+00   5.7979245e+00  -2.0261574e+00  -6.9894438e-01  True
 8.8784444e-01   5.6753991e+00   1.3483853e-01  -9.9450178e-01  True
 1.5566073e+00   5.1040512e+00   2.6285738e-01  -1.6176132e+00  True
 1.1531508e+00   5.2343283e+00   8.1863582e-01  -1.8401606e+00  True
 1.0031081e+00   5.0749758e+00   3.8394352e-01  -1.3114551e+00  True
 9.8619179e-01   4.9931789e+00  -3.0479060e-01  -1.0774844e+00  True
 1.1435464e+00   4.7507613e+00  -3.6692159e-01  -1.2194323e+00  True
 7.7708588e-01   4.4583686e+00  -1.1114219e+00  -7.5673844e-01  True
 8.4000700e-01   4.3412808e+00  -8.2547492e-01  -6.2559646e-01  True
 8.3996153e-01   4.3412918e+00  -9.8106877e-01  -5.4028293e-01  True
 1.6350078e-01   4.2591179e+00  -1.2663757e+00  -7.5576992e-01  True
 1.6349665e-01   4.2591183e+00  -1.4957021e+00  -7.8596357e-01  True
 7.1274182e-01   4.0843591e+00  -8.8606151e-01  -9.2727758e-02  True
 2.2849666e-01   4.1502657e+00  -9.7834351e-01   1.8742613e-02  True
-3.7945339e-01   3.9747599e+00  -1.5329097e+00   1.0973770e-01  True
-2.9159368e-01   4.1816846e+00  -1.0198609e+00   3.9174362e-01  True
-5.0731057e-01   4.4512352e+00  -1.2225660e+00   1.8567783e-01  True
-4.2905327e-01   4.3558794e+00   5.5570834e-02   3.6765009e-01  True
-3.2307040e-01   4.5594499e+00  -4.6791924e-01   8.6682078e-01  True
-1.1688109e+00   4.4391447e+00   1.6309825e-02   9.4866189e-01  True
-1.0538276e+00   4.6629315e+00  -7.4082509e-01   7.5614555e-01  True
-1.6165622e+00   4.8053750e+00  -7.4160270e-01   1.0857901e+00  True
-1.1496995e+00   5.0231466e+00  -4.3513022e-01   1.1496450e+00  True
-1.9339873e+00   4.8835630e+00  -4.5488481e-01   1.0351076e+00  True
