Position_x Position_y Speed_x Speed_y check
 2.3921110e+00   3.3798472e+00   4.7580220e-01   4.1239008e-01  True
 3.7099099e+00   5.9805876e+00   2.6219847e-01   1.0021203e+00  True
 3.8855157e+00   5.8901872e+00   2.5193403e-01   3.8552625e-01  False
 3.6221306e+00   6.0232407e+00   6.1147707e-01   1.8090985e-01  True
 3.8991352e+00   8.4004645e+00   8.0901147e-01   8.0748156e-02  False
 4.6324467e+00   8.3503405e+00  -2.0970001e+00   1.1590058e+00  False
 3.7658548e+00   8.7030795e+00   3.9530895e-02   5.5386479e-02  True
 2.2760589e+00   6.6126043e+00   1.6994883e-02   3.0220996e-02  True
 2.2977304e+00   6.6077613e+00  -8.5634766e-01   2.3736639e-02  True
 2.3675347e+00   6.5916374e+00  -4.8097800e-01  -1.9057000e-01  True
 6.7437213e-01   6.8862520e+00  -2.8288227e+00  -6.3615973e-01  True
 2.1081107e+00   6.6475436e+00  -4.7059636e-01  -2.7706969e-01  True
 2.1795150e+00   6.6332478e+00  -4.9312970e-01  -3.0167135e-01  True
 2.5339580e+00   6.4254840e+00  -1.0391789e-01  -3.4706476e-01  True
 1.9776183e-01   6.4914532e+00  -7.4033777e-01  -5.4142103e-01  True
 1.4833524e+00   6.3731895e+00  -8.4241206e-01  -6.7675005e-01  True
 1.8669990e+00   5.9532995e+00  -8.7685171e-01  -8.8474978e-01  True
 5.4692818e+00  -3.0991469e+00  -9.3426203e-01   1.7658988e-01  False
 1.8503824e+00   5.8313799e+00  -5.0538290e-01  -8.1637724e-01  True
 3.2557090e+00   5.2597541e+00  -4.1921677e-01  -7.8303987e-01  True
 1.8932439e+00   5.5783070e+00   2.7952646e+00  -1.3421204e+00  True
 2.2338059e+00   8.2364666e+00  -4.8051037e-01  -4.1407611e-01  True
 3.1703874e+00   4.8975773e+00  -7.1743146e-01  -6.3945060e-01  True
 7.4509683e+00   6.7762473e-01  -7.2640615e-01  -2.3851684e+00  False
 1.7460187e+00   5.1083289e+00  -4.4593932e-01  -9.6385583e-01  True
 2.8318299e+00   4.6533956e+00  -9.7812086e-01  -5.8144646e-01  True
 6.3676342e-01   4.6926945e+00   1.3183158e-01  -1.1618774e+00  True
 1.6648043e+00   4.3763321e+00  -4.1536955e-01  -1.6160033e+00  True
 8.5851885e-01   4.3289760e+00   4.2935330e-01  -1.2333937e+00  True
 1.6906525e+00   4.1239328e+00  -3.5563501e-01  -9.1636434e-01  True
 1.5985264e+00   4.0124097e+00   1.0332544e+00  -1.1129568e+00  True
 2.4157719e+00   3.6352410e+00   1.4405823e-01  -3.1806341e-01  True
 7.3502068e-01   3.9559080e+00   7.4445310e-01  -3.0845571e-01  True
 1.6164803e+00   3.7609643e+00   6.4552780e-01  -4.7034612e-01  True
 2.3822316e+00   3.3844214e+00   7.7554842e-01  -7.1883127e-01  True
 2.3681614e+00   3.3908730e+00   7.7540182e-01  -1.5963251e-01  True
 2.4334481e+00   3.5001080e+00   1.0187254e+00  -2.0614356e-01  True
 2.4058764e+00   3.3734127e+00   9.9869953e-01  -9.5299756e-02  True
 2.5313435e+00   3.7212132e+00   5.7739146e-02   7.1087733e-01  True
 2.5392846e+00   3.7175245e+00   8.6564374e-01   5.9323689e-01  True
 2.5743792e+00   3.8391893e+00   1.3318719e+00   3.0450239e-01  True
 1.7475824e+00   4.2410899e+00   2.9166932e+00   2.3805928e-01  True
 2.5757951e+00   4.2382272e+00   7.4780713e-01   1.0546163e+00  True
 1.9051730e+00   4.5819972e+00  -2.4972291e-01   1.2904884e+00  True
 2.9079066e+00   4.4892003e+00   4.6902052e-01   9.8447843e-01  True
 2.8514033e+00   4.7793140e+00   5.6348347e-01   1.3036055e+00  True
 2.9714006e+00   4.8606999e+00   4.9228505e-01   1.0804950e+00  True
 4.0029603e+00   4.5396091e+00   3.4719042e-01   1.1270028e+00  False
 3.0610823e+00   5.2184094e+00   4.1398383e+00  -8.4109911e-01  True
 3.2895840e+00   5.3789078e+00  -5.0515457e-02   1.6570806e+00  True
 4.1890126e+00   4.8514976e+00  -2.8428836e-01   1.3766612e+00  False
 3.2855679e+00   5.7787056e+00   1.0029519e+00   9.9512126e-02  True
 3.4855098e+00   5.8219550e+00  -1.6086984e+00   1.5135927e+00  True
 2.9709185e+00   8.5672836e+00  -1.9005858e+00   1.5614601e+00  True
 3.7819512e+00   7.6699709e+00   3.6024460e-01   4.1931459e-01  True
 3.3917555e+00   6.2596262e+00   3.1058984e-01   6.5189409e-01  True
 3.2797854e+00   6.3054323e+00  -1.3832176e-01   8.3190412e-01  True
 4.0669260e+00   6.2032429e+00   4.9872328e-01   8.1023705e-01  False
 4.9973615e+00   5.7497676e+00  -6.9914294e-01   8.5361038e-01  False
 3.6264906e+00   6.4197688e+00  -2.9387346e-01   5.2655491e-01  True
 3.7653978e+00   6.4898158e+00  -1.5937214e+00   1.3916178e+00  True
-7.8218535e+00  -3.3347051e+00   7.8795139e-01  -2.0317039e+00  False
-8.1950537e+00  -2.2777298e+00   3.4204220e-01  -1.4265673e+00  False
 3.4937783e+00   6.8682921e+00   3.9180977e-02   5.4720672e-02  True
 4.2505775e+00   6.3767235e+00  -3.7639189e-01   3.5762367e-01  False
 3.6844840e+00   6.6569398e+00  -9.2984040e-01   2.2969437e-01  True
 3.6440684e+00   6.4118769e+00  -5.3650406e-01  -4.6034659e-02  True
 2.3004495e+00   6.9782968e+00  -1.3892700e+00  -2.7407689e-01  True
 1.9586529e+00   7.0424186e+00  -1.2891636e-01  -6.4514852e-01  True
 2.5967931e+00   6.9081102e+00  -1.4611537e+00  -3.3244414e-01  True
 1.9675123e+00   6.6733000e+00  -9.4346257e-01  -6.0581322e-01  True
 3.4008507e+00   6.2543570e+00  -1.5815799e+00  -2.9518689e-01  True
 3.9805094e+00   5.8383707e+00  -8.4885072e-01  -4.6531086e-01  False
 3.2095405e+00   5.8112310e+00  -2.1384163e+00   2.5526412e-01  True
 1.9225885e+00   6.3126365e+00  -5.7766156e-01  -8.6975210e-01  True
 2.1199454e+00   5.9032600e+00  -6.8903353e-01  -1.2673745e+00  True
 1.9680016e+00   5.8094725e+00   1.1443507e-01  -1.3670723e+00  True
 2.0326239e+00   5.6756827e+00  -1.1595902e-01  -8.5069497e-01  True
 7.5785263e-01   5.4308185e+00   2.8873839e-01  -1.3553209e+00  True
 2.9917525e+00   4.9809640e+00  -1.8967477e+00  -7.8353690e-01  True
 1.6594691e+00   5.1230068e+00  -1.7778486e+00  -7.5069770e-01  True
 2.9622131e+00   4.7297931e+00  -1.0965292e+00  -7.3040494e-01  True
 4.7175219e+00  -2.2749448e+00  -1.1697110e+00   5.1236093e-01  False
 1.7552808e+00   4.4867923e+00   3.5059777e-01  -1.1591768e+00  True
 1.6764548e+00   4.3741273e+00  -1.1838111e-01  -8.6031986e-01  True
 1.6493310e+00   4.3792098e+00  -3.8693313e-01  -8.1213940e-01  True
 1.6894797e+00   4.1241738e+00   3.7622725e-01  -1.0643562e+00  True
 1.5994742e+00   4.1416209e+00  -9.0655880e-01  -9.9638852e-01  True
 1.7181180e+00   4.1181855e+00   6.8447912e-01  -5.1896688e-01  True
 1.6315080e+00   4.0061028e+00   6.7723510e-01  -3.3557849e-01  True
 1.6256109e+00   3.7590882e+00   1.1393718e+00  -2.2779199e-01  True
 2.5006306e+00   3.7352776e+00   1.0935367e+00  -1.6116472e-01  True
 1.7866174e+00   4.2325133e+00   3.0732052e-01   7.0729073e-02  True
 1.6221786e+00   4.1374153e+00   5.0823095e-01   2.7903938e-01  True
 2.6125763e+00   4.0869481e+00   3.7197489e+00  -7.4012870e-01  True
 1.6871182e+00   4.2536146e+00  -1.0139842e-01   9.7403915e-01  True
 2.6948844e+00   4.1861717e+00  -2.1735438e-01   9.7206355e-01  True
 3.4702807e+00   4.0284801e+00   6.8773958e-01   1.0068892e+00  True
 2.8897317e+00   4.4977755e+00   1.1003844e+00   7.9869738e-01  True
 2.8132951e+00   4.5328161e+00   7.5341558e-01   8.9443159e-01  True
